Row(coordinates=[-96.89131683, 19.53275354])
Row(coordinates=[-74.0425728, 40.2784256])
